-1 0 0
-1 9 1
-2 9 -1
-2 8 0
-2 10 1
0 9 -1
0 1 1
1 0 -1
1 2 -1
2 3 0
2 6 1
3 2 0
3 4 1
3 6 -1
4 3 -1
4 5 1
5 4 -1
5 6 1
5 7 0
6 2 -1
6 3 1
6 5 -1
6 7 1
7 5 0
7 6 -1
7 8 0
7 21 -1
8 7 0
8 21 1
8 9 1
8 10 -1
9 0 1
9 8 -1
9 10 0
10 8 1
10 9 0
10 11 -1
10 12 1
11 10 1
11 12 0
11 14 1
12 10 -1
12 11 0
12 13 -1
13 12 1
13 15 -1
13 16 0
14 11 -1
14 15 1
14 17 0
15 13 1
15 14 -1
15 16 -1
15 17 1
16 13 0
16 15 1
16 18 -1
17 14 0
17 15 -1
17 18 1
17 19 -1
18 16 1
18 17 -1
18 19 0
19 17 1
19 18 0
19 20 -1
20 19 1
20 21 0
21 8 -1
21 7 1
21 20 0
-3